$ 1 0.000005 2.008553692318767 50 5 43 5e-11
w 304 288 320 288 0
w 272 288 304 288 0
w 224 96 320 96 0
d 272 288 112 96 2 default
d 112 288 224 96 2 default
d 272 288 112 288 2 default
d 112 96 224 96 2 default
T -96 96 112 288 0 4 0.125 -0.21467664453738627 0.033662818510121845 0.999
v -96 96 -96 288 0 1 60 180 0 0 0.5
c 320 96 320 288 0 0.000004599999999999999 13.267152866478327 0.001
w 320 96 400 96 0
162 400 96 400 192 2 default-led 1 0 0 0.01
w 320 288 400 288 0
r 400 192 400 288 0 180
o 13 64 0 20483 20 0.2 0 2 13 3
