$ 1 0.000005 0.22070718156067046 46 5 43 5e-11
T -64 432 32 624 0 4 0.136986301369863 -0.8133707344096858 -1.5765166949677223e-14 0.999
v -160 432 -160 624 0 1 60 180 0 0 0.5
w -160 624 -64 624 0
r 688 512 688 624 0 120
d 32 432 224 432 2 1N4004
c 320 432 320 624 0 0.001 24.617349568657392 0.001
w 224 432 320 432 0
d 32 624 224 432 2 1N4004
w 320 624 144 624 0
d 144 624 32 624 2 1N4004
d 144 624 32 432 2 1N4004
162 640 512 640 576 2 default-led 1 0 0 0.01
w 432 624 320 624 0
w 432 432 320 432 0
s -128 432 -96 432 0 0 false
w -128 432 -160 432 0
w -96 432 -64 432 0
t 592 496 624 496 0 1 -11.662179992632593 0.7174493757233531 100 default
w 624 432 624 480 0
w 544 624 496 624 0
174 544 512 544 576 1 5025 0.005 Resistance
w 592 544 560 544 0
w 432 432 496 432 0
w 592 496 592 544 0
r 496 432 496 496 0 620
w 624 432 496 432 0
34 zvoltage\q13 0 1.7143528192808883e-7 0 2 13 0
z 496 624 496 496 2 zvoltage\q13
w 496 624 432 624 0
w 496 496 544 496 0
w 544 512 544 496 0
r 544 576 544 624 0 2000
g 320 624 320 656 0 0
r 640 576 640 624 0 1000
w 624 512 640 512 0
w 640 512 688 512 0
w 640 624 688 624 0
w 544 624 640 624 0
o 5 64 0 4099 40 12.8 0 2 5 3
o 13 64 0 4099 40 0.2 1 2 13 3
o 3 64 0 4099 20 0.2 2 2 3 3
o 26 64 0 4099 20 0.025 3 2 26 3
o 11 64 0 4099 5 0.025 4 2 11 3
